77
NULL 0 NULL 0
T 5 0,255,0,255,0,32767,0,32767,0,32767 NULL -1 0 0 	# T [54 ]A
H 5 0,255,0,255,0,32767,0,32767,0,32767 NULL -1 0 0 	# H [48 ]A
A 5 0,255,0,255,0,32767,0,32767,0,32767 NULL -1 0 0 	# A [41 ]A
N 5 0,255,0,255,0,32767,0,32767,0,32767 NULL -1 0 0 	# N [4e ]A
P 5 0,255,0,255,0,32767,0,32767,0,32767 NULL -1 0 0 	# P [50 ]A
O 5 0,255,0,255,0,32767,0,32767,0,32767 NULL 28 0 0 	# O [4f ]A
E 5 0,255,0,255,0,32767,0,32767,0,32767 NULL -1 0 0 	# E [45 ]A
I 5 0,255,0,255,0,32767,0,32767,0,32767 NULL -1 0 0 	# I [49 ]A
R 5 0,255,0,255,0,32767,0,32767,0,32767 NULL -1 0 0 	# R [52 ]A
L 5 0,255,0,255,0,32767,0,32767,0,32767 NULL -1 0 0 	# L [4c ]A
1 8 0,255,0,255,0,32767,0,32767,0,32767 NULL 11 0 0 	# 1 [31 ]0
| 10 0,255,0,255,0,32767,0,32767,0,32767 NULL 12 0 0 	# | [7c ]p
F 5 0,255,0,255,0,32767,0,32767,0,32767 NULL -1 0 0 	# F [46 ]A
G 5 0,255,0,255,0,32767,0,32767,0,32767 NULL -1 0 0 	# G [47 ]A
D 5 0,255,0,255,0,32767,0,32767,0,32767 NULL -1 0 0 	# D [44 ]A
W 5 0,255,0,255,0,32767,0,32767,0,32767 NULL -1 0 0 	# W [57 ]A
S 5 0,255,0,255,0,32767,0,32767,0,32767 NULL -1 0 0 	# S [53 ]A
C 5 0,255,0,255,0,32767,0,32767,0,32767 NULL -1 0 0 	# C [43 ]A
U 5 0,255,0,255,0,32767,0,32767,0,32767 NULL -1 0 0 	# U [55 ]A
B 5 0,255,0,255,0,32767,0,32767,0,32767 NULL -1 0 0 	# B [42 ]A
~ 10 0,255,0,255,0,32767,0,32767,0,32767 NULL 21 0 0 	# ~ [7e ]p
# 10 0,255,0,255,0,32767,0,32767,0,32767 NULL 22 0 0 	# # [23 ]p
\ 10 0,255,0,255,0,32767,0,32767,0,32767 NULL 23 0 0 	# \ [5c ]p
@ 10 0,255,0,255,0,32767,0,32767,0,32767 NULL 24 0 0 	# @ [40 ]p
“ 10 0,255,0,255,0,32767,0,32767,0,32767 NULL 25 0 0 	# “ [201c ]p
° 10 0,255,0,255,0,32767,0,32767,0,32767 NULL 26 0 0 	# ° [b0 ]p
/ 10 0,255,0,255,0,32767,0,32767,0,32767 NULL 27 0 0 	# / [2f ]p
o 3 0,255,0,255,0,32767,0,32767,0,32767 NULL 6 0 0 	# o [6f ]a
. 10 0,255,0,255,0,32767,0,32767,0,32767 NULL 29 0 0 	# . [2e ]p
2 8 0,255,0,255,0,32767,0,32767,0,32767 NULL 30 0 0 	# 2 [32 ]0
5 8 0,255,0,255,0,32767,0,32767,0,32767 NULL 31 0 0 	# 5 [35 ]0
M 5 0,255,0,255,0,32767,0,32767,0,32767 NULL 74 0 0 	# M [4d ]A
V 5 0,255,0,255,0,32767,0,32767,0,32767 NULL -1 0 0 	# V [56 ]A
3 8 0,255,0,255,0,32767,0,32767,0,32767 NULL 34 0 0 	# 3 [33 ]0
9 8 0,255,0,255,0,32767,0,32767,0,32767 NULL 35 0 0 	# 9 [39 ]0
; 10 0,255,0,255,0,32767,0,32767,0,32767 NULL 36 0 0 	# ; [3b ]p
Y 5 0,255,0,255,0,32767,0,32767,0,32767 NULL -1 0 0 	# Y [59 ]A
‘ 10 0,255,0,255,0,32767,0,32767,0,32767 NULL 38 0 0 	# ‘ [2018 ]p
< 10 0,255,0,255,0,32767,0,32767,0,32767 NULL 39 0 0 	# < [3c ]p
4 8 0,255,0,255,0,32767,0,32767,0,32767 NULL 40 0 0 	# 4 [34 ]0
8 8 0,255,0,255,0,32767,0,32767,0,32767 NULL 41 0 0 	# 8 [38 ]0
0 8 0,255,0,255,0,32767,0,32767,0,32767 NULL 42 0 0 	# 0 [30 ]0
K 5 0,255,0,255,0,32767,0,32767,0,32767 NULL -1 0 0 	# K [4b ]A
J 5 0,255,0,255,0,32767,0,32767,0,32767 NULL -1 0 0 	# J [4a ]A
[ 10 0,255,0,255,0,32767,0,32767,0,32767 NULL 45 0 0 	# [ [5b ]p
7 8 0,255,0,255,0,32767,0,32767,0,32767 NULL 46 0 0 	# 7 [37 ]0
§ 10 0,255,0,255,0,32767,0,32767,0,32767 NULL 47 0 0 	# § [a7 ]p
$ 10 0,255,0,255,0,32767,0,32767,0,32767 NULL 48 0 0 	# $ [24 ]p
* 10 0,255,0,255,0,32767,0,32767,0,32767 NULL 49 0 0 	# * [2a ]p
” 10 0,255,0,255,0,32767,0,32767,0,32767 NULL 50 0 0 	# ” [201d ]p
? 10 0,255,0,255,0,32767,0,32767,0,32767 NULL 51 0 0 	# ? [3f ]p
{ 10 0,255,0,255,0,32767,0,32767,0,32767 NULL 52 0 0 	# { [7b ]p
} 10 0,255,0,255,0,32767,0,32767,0,32767 NULL 53 0 0 	# } [7d ]p
, 10 0,255,0,255,0,32767,0,32767,0,32767 NULL 54 0 0 	# , [2c ]p
& 10 0,255,0,255,0,32767,0,32767,0,32767 NULL 55 0 0 	# & [26 ]p
’ 10 0,255,0,255,0,32767,0,32767,0,32767 NULL 56 0 0 	# ’ [2019 ]p
- 10 0,255,0,255,0,32767,0,32767,0,32767 NULL 57 0 0 	# - [2d ]p
" 10 0,255,0,255,0,32767,0,32767,0,32767 NULL 58 0 0 	# " [22 ]p
! 10 0,255,0,255,0,32767,0,32767,0,32767 NULL 59 0 0 	# ! [21 ]p
X 5 0,255,0,255,0,32767,0,32767,0,32767 NULL -1 0 0 	# X [58 ]A
] 10 0,255,0,255,0,32767,0,32767,0,32767 NULL 61 0 0 	# ] [5d ]p
= 10 0,255,0,255,0,32767,0,32767,0,32767 NULL 62 0 0 	# = [3d ]p
+ 10 0,255,0,255,0,32767,0,32767,0,32767 NULL 63 0 0 	# + [2b ]p
' 10 0,255,0,255,0,32767,0,32767,0,32767 NULL 64 0 0 	# ' [27 ]p
¢ 10 0,255,0,255,0,32767,0,32767,0,32767 NULL 65 0 0 	# ¢ [a2 ]p
Z 5 0,255,0,255,0,32767,0,32767,0,32767 NULL -1 0 0 	# Z [5a ]A
> 10 0,255,0,255,0,32767,0,32767,0,32767 NULL 67 0 0 	# > [3e ]p
® 10 0,255,0,255,0,32767,0,32767,0,32767 NULL 68 0 0 	# ® [ae ]p
© 10 0,255,0,255,0,32767,0,32767,0,32767 NULL 69 0 0 	# © [a9 ]p
€ 0 0,255,0,255,0,32767,0,32767,0,32767 NULL 70 0 0 	# € [20ac ]
_ 10 0,255,0,255,0,32767,0,32767,0,32767 NULL 71 0 0 	# _ [5f ]p
— 10 0,255,0,255,0,32767,0,32767,0,32767 NULL 72 0 0 	# — [2014 ]p
¥ 10 0,255,0,255,0,32767,0,32767,0,32767 NULL 73 0 0 	# ¥ [a5 ]p
m 3 0,255,0,255,0,32767,0,32767,0,32767 NULL 32 0 0 	# m [6d ]a
: 10 0,255,0,255,0,32767,0,32767,0,32767 NULL 75 0 0 	# : [3a ]p
% 10 0,255,0,255,0,32767,0,32767,0,32767 NULL 76 0 0 	# % [25 ]p
