4
linear   essential      -0.250000   0.750000
linear   non-essential   0.000000   1.000000
linear   essential       0.000000   1.000000
linear   essential       0.000000   1.000000

T 1
significant   elliptical    25
	  0.477813  0.256984  0.246094  0.140625
	  0.000400  0.000400  0.000400  0.000400

H 1
significant   elliptical    15
	  0.366407  0.385417  0.218750  0.239583
	  0.000400  0.000400  0.000400  0.000400

A 1
significant   elliptical    20
	  0.321290  0.357031  0.218359  0.177930
	  0.000400  0.000400  0.000400  0.000400

N 1
significant   elliptical    28
	  0.366072  0.460519  0.220424  0.234375
	  0.000400  0.000400  0.000400  0.000400

P 1
significant   elliptical    10
	  0.441797  0.358398  0.212110  0.183594
	  0.000400  0.000400  0.000400  0.000400

O 1
significant   elliptical    26
	  0.366587  0.416827  0.246845  0.218449
	  0.000400  0.000400  0.000400  0.000400

E 1
significant   elliptical    42
	  0.367467  0.390960  0.251953  0.165086
	  0.000400  0.000400  0.000400  0.000400

R 1
significant   elliptical    18
	  0.394531  0.431858  0.227865  0.209202
	  0.000400  0.000400  0.000400  0.000400

L 1
significant   elliptical    16
	  0.266846  0.240991  0.246094  0.150879
	  0.000400  0.000400  0.000400  0.000400

I 1
significant   elliptical    13
	  0.367789  0.165325  0.234375  0.042969
	  0.000400  0.000400  0.000400  0.000400

1 1
significant   elliptical     8
	  0.412598  0.219385  0.222656  0.101563
	  0.000400  0.000400  0.000400  0.000400

F 1
significant   elliptical     5
	  0.442188  0.302891  0.219531  0.153125
	  0.000400  0.000400  0.000400  0.000400

G 1
significant   elliptical     7
	  0.358259  0.457757  0.240514  0.205915
	  0.000400  0.000400  0.000400  0.000400

D 1
significant   elliptical    16
	  0.367920  0.430249  0.253906  0.218750
	  0.000400  0.000400  0.000400  0.000400

W 1
significant   elliptical     6
	  0.376953  0.591471  0.214844  0.316406
	  0.000400  0.000400  0.000400  0.000400

S 1
significant   elliptical    21
	  0.357887  0.437091  0.234189  0.181734
	  0.000400  0.000400  0.000400  0.000400

C 1
significant   elliptical    11
	  0.362216  0.384872  0.257458  0.207386
	  0.000400  0.000400  0.000400  0.000400

U 1
significant   elliptical    11
	  0.332741  0.372905  0.238281  0.234020
	  0.000400  0.000400  0.000400  0.000400

3 1
significant   elliptical     7
	  0.368862  0.418304  0.234933  0.175781
	  0.000400  0.000400  0.000400  0.000400

~ 1
significant   elliptical     1
	  0.828125  0.144531  0.054688  0.179688
	  0.000400  0.000400  0.000400  0.000400

# 1
significant   elliptical     3
	  0.359375  0.405469  0.209636  0.147136
	  0.000400  0.000400  0.000400  0.000400

| 1
significant   elliptical     9
	  0.367188  0.165104  0.234375  0.042969
	  0.000400  0.000400  0.000400  0.000400

@ 1
significant   elliptical     1
	  0.429688  0.807422  0.261719  0.242188
	  0.000400  0.000400  0.000400  0.000400

. 1
significant   elliptical     3
	  0.058594  0.048437  0.046875  0.046875
	  0.000400  0.000400  0.000400  0.000400

2 1
significant   elliptical     6
	  0.348958  0.416016  0.248047  0.175781
	  0.000400  0.000400  0.000400  0.000400

5 1
significant   elliptical     2
	  0.378906  0.413282  0.242188  0.175781
	  0.000400  0.000400  0.000400  0.000400

M 1
significant   elliptical     6
	  0.352865  0.588477  0.218750  0.289063
	  0.000400  0.000400  0.000400  0.000400

V 1
significant   elliptical     3
	  0.402344  0.319922  0.218750  0.187500
	  0.000400  0.000400  0.000400  0.000400

6 1
significant   elliptical     7
	  0.367188  0.426339  0.231027  0.174665
	  0.000400  0.000400  0.000400  0.000400

B 1
significant   elliptical     5
	  0.364062  0.472500  0.242188  0.191406
	  0.000400  0.000400  0.000400  0.000400

9 1
significant   elliptical     3
	  0.365886  0.433333  0.233073  0.180990
	  0.000400  0.000400  0.000400  0.000400

; 1
significant   elliptical     1
	  0.222656  0.130469  0.312500  0.046875
	  0.000400  0.000400  0.000400  0.000400

Y 1
significant   elliptical     3
	  0.455729  0.268750  0.223958  0.160156
	  0.000400  0.000400  0.000400  0.000400

‘ 1
significant   elliptical     1
	  0.734375  0.068359  0.085938  0.031250
	  0.000400  0.000400  0.000400  0.000400

\ 1
significant   elliptical     1
	  0.363281  0.251563  0.304688  0.203125
	  0.000400  0.000400  0.000400  0.000400

< 1
significant   elliptical     2
	  0.330078  0.241407  0.164063  0.164063
	  0.000400  0.000400  0.000400  0.000400

4 1
significant   elliptical     3
	  0.358073  0.350000  0.204427  0.167969
	  0.000400  0.000400  0.000400  0.000400

8 1
significant   elliptical     2
	  0.361328  0.446484  0.226563  0.177734
	  0.000400  0.000400  0.000400  0.000400

0 1
significant   elliptical     3
	  0.364583  0.403125  0.246094  0.203125
	  0.000400  0.000400  0.000400  0.000400

K 1
significant   elliptical     3
	  0.364583  0.375130  0.234375  0.191406
	  0.000400  0.000400  0.000400  0.000400

J 2
significant   elliptical     2
	  0.281250  0.259180  0.222656  0.164063
	  0.000400  0.000400  0.000400  0.000400
significant   elliptical     2
	  0.273438  0.261719  0.224609  0.167969
	  0.000400  0.000400  0.000400  0.000400

( 1
significant   elliptical     1
	  0.351563  0.292188  0.390625  0.089844
	  0.000400  0.000400  0.000400  0.000400

7 1
significant   elliptical     2
	  0.460938  0.271875  0.246094  0.152344
	  0.000400  0.000400  0.000400  0.000400

§ 1
significant   elliptical     1
	  0.304688  0.625781  0.335938  0.191406
	  0.000400  0.000400  0.000400  0.000400

$ 1
significant   elliptical     1
	  0.359375  0.520312  0.242188  0.195313
	  0.000400  0.000400  0.000400  0.000400

/ 1
significant   elliptical     1
	  0.359375  0.246484  0.289063  0.199219
	  0.000400  0.000400  0.000400  0.000400

Q 1
significant   elliptical     1
	  0.347656  0.482422  0.238281  0.218750
	  0.000400  0.000400  0.000400  0.000400

X 1
significant   elliptical     1
	  0.359375  0.360156  0.242188  0.187500
	  0.000400  0.000400  0.000400  0.000400

Z 1
significant   elliptical     1
	  0.355469  0.374609  0.273438  0.171875
	  0.000400  0.000400  0.000400  0.000400
