50
NULL 0 NULL 0
T 5 0,255,0,255,0,32767,0,32767,0,32767 NULL -1 0 0 	# T [54 ]A
H 5 0,255,0,255,0,32767,0,32767,0,32767 NULL -1 0 0 	# H [48 ]A
A 5 0,255,0,255,0,32767,0,32767,0,32767 NULL -1 0 0 	# A [41 ]A
N 5 0,255,0,255,0,32767,0,32767,0,32767 NULL -1 0 0 	# N [4e ]A
P 5 0,255,0,255,0,32767,0,32767,0,32767 NULL -1 0 0 	# P [50 ]A
O 5 0,255,0,255,0,32767,0,32767,0,32767 NULL -1 0 0 	# O [4f ]A
E 5 0,255,0,255,0,32767,0,32767,0,32767 NULL -1 0 0 	# E [45 ]A
R 5 0,255,0,255,0,32767,0,32767,0,32767 NULL -1 0 0 	# R [52 ]A
L 5 0,255,0,255,0,32767,0,32767,0,32767 NULL -1 0 0 	# L [4c ]A
I 5 0,255,0,255,0,32767,0,32767,0,32767 NULL -1 0 0 	# I [49 ]A
1 8 0,255,0,255,0,32767,0,32767,0,32767 NULL 11 0 0 	# 1 [31 ]0
F 5 0,255,0,255,0,32767,0,32767,0,32767 NULL -1 0 0 	# F [46 ]A
G 5 0,255,0,255,0,32767,0,32767,0,32767 NULL -1 0 0 	# G [47 ]A
D 5 0,255,0,255,0,32767,0,32767,0,32767 NULL -1 0 0 	# D [44 ]A
W 5 0,255,0,255,0,32767,0,32767,0,32767 NULL -1 0 0 	# W [57 ]A
S 5 0,255,0,255,0,32767,0,32767,0,32767 NULL -1 0 0 	# S [53 ]A
C 5 0,255,0,255,0,32767,0,32767,0,32767 NULL -1 0 0 	# C [43 ]A
U 5 0,255,0,255,0,32767,0,32767,0,32767 NULL -1 0 0 	# U [55 ]A
3 8 0,255,0,255,0,32767,0,32767,0,32767 NULL 19 0 0 	# 3 [33 ]0
~ 10 0,255,0,255,0,32767,0,32767,0,32767 NULL 20 0 0 	# ~ [7e ]p
# 10 0,255,0,255,0,32767,0,32767,0,32767 NULL 21 0 0 	# # [23 ]p
| 10 0,255,0,255,0,32767,0,32767,0,32767 NULL 22 0 0 	# | [7c ]p
@ 10 0,255,0,255,0,32767,0,32767,0,32767 NULL 23 0 0 	# @ [40 ]p
. 10 0,255,0,255,0,32767,0,32767,0,32767 NULL 24 0 0 	# . [2e ]p
2 8 0,255,0,255,0,32767,0,32767,0,32767 NULL 25 0 0 	# 2 [32 ]0
5 8 0,255,0,255,0,32767,0,32767,0,32767 NULL 26 0 0 	# 5 [35 ]0
M 5 0,255,0,255,0,32767,0,32767,0,32767 NULL -1 0 0 	# M [4d ]A
V 5 0,255,0,255,0,32767,0,32767,0,32767 NULL -1 0 0 	# V [56 ]A
6 8 0,255,0,255,0,32767,0,32767,0,32767 NULL 29 0 0 	# 6 [36 ]0
B 5 0,255,0,255,0,32767,0,32767,0,32767 NULL -1 0 0 	# B [42 ]A
9 8 0,255,0,255,0,32767,0,32767,0,32767 NULL 31 0 0 	# 9 [39 ]0
; 10 0,255,0,255,0,32767,0,32767,0,32767 NULL 32 0 0 	# ; [3b ]p
Y 5 0,255,0,255,0,32767,0,32767,0,32767 NULL -1 0 0 	# Y [59 ]A
‘ 10 0,255,0,255,0,32767,0,32767,0,32767 NULL 34 0 0 	# ‘ [2018 ]p
\ 10 0,255,0,255,0,32767,0,32767,0,32767 NULL 35 0 0 	# \ [5c ]p
< 10 0,255,0,255,0,32767,0,32767,0,32767 NULL 36 0 0 	# < [3c ]p
4 8 0,255,0,255,0,32767,0,32767,0,32767 NULL 37 0 0 	# 4 [34 ]0
8 8 0,255,0,255,0,32767,0,32767,0,32767 NULL 38 0 0 	# 8 [38 ]0
0 8 0,255,0,255,0,32767,0,32767,0,32767 NULL 39 0 0 	# 0 [30 ]0
K 5 0,255,0,255,0,32767,0,32767,0,32767 NULL -1 0 0 	# K [4b ]A
J 5 0,255,0,255,0,32767,0,32767,0,32767 NULL -1 0 0 	# J [4a ]A
( 10 0,255,0,255,0,32767,0,32767,0,32767 NULL 42 0 0 	# ( [28 ]p
7 8 0,255,0,255,0,32767,0,32767,0,32767 NULL 43 0 0 	# 7 [37 ]0
§ 10 0,255,0,255,0,32767,0,32767,0,32767 NULL 44 0 0 	# § [a7 ]p
$ 10 0,255,0,255,0,32767,0,32767,0,32767 NULL 45 0 0 	# $ [24 ]p
/ 10 0,255,0,255,0,32767,0,32767,0,32767 NULL 46 0 0 	# / [2f ]p
Q 5 0,255,0,255,0,32767,0,32767,0,32767 NULL -1 0 0 	# Q [51 ]A
X 5 0,255,0,255,0,32767,0,32767,0,32767 NULL -1 0 0 	# X [58 ]A
Z 5 0,255,0,255,0,32767,0,32767,0,32767 NULL -1 0 0 	# Z [5a ]A
